K gains:
exp24:[[-13.53177169 104.86247128 -21.63751951  38.66097611]]
new inertia: [[-13.08217305  62.88495813 -15.61883269  10.43916838]]
switching values in Q, exp27: [[-13.50992564 -46.0119393  -10.027124    -7.45116689]]
R = 0.001, exp28 : [[-282.84932937 -419.51770101 -154.88873014  -60.57258411]]
R = 0.01 (K ramp over 1s), exp29:[[-117.77473256 -193.47606892  -66.88223953  -28.74532344]] # this had a logic mistake
R = 0.1 (K ramp over 4s), exp30: [[-41.11919411 -86.38446325 -25.4879653  -13.43148153]]
R = 0.05 (K ramp over 4s), exp31: [[ -56.97713066 -108.86413258  -34.1382079   -16.68302654]]
R = 0.01 (K ramp over 4s), exp32: [[-117.77473256  193.47606892  -66.88223953   28.74532344]]
Q[1,1] = 131->200 (K ramp over 4s), exp33:
R = 0.005 exp34: [[-157.57916697  248.25439809  -88.16720751   36.48720858]]
R = 0.003 exp35, exp36: [[-192.8300976  -296.57255642 -106.97150414  -43.2954769 ]]
R = 0.004 exp37: [[-172.36775878 -268.54219978  -96.06007202  -39.34767966]]

07.18:
Q(x) = 219->100, exp38: [[-118.52451655  237.94084846  -75.18669379   33.09205438]]
